130090001
1
NA
130150002
2
NA
130210007
3
NA
130210012
4
Macon Forestry
130210013
5
Macon W
130499000
6
NA
130510017
7
NA
130510021
8
Savannah E Pres
130510091
9
NA
130511002
10
NA
130590001
11
NA
130590002
12
Athens
130630091
13
NA
130670003
14
National Guard
130670004
15
NA
130730001
16
Evans
130770002
17
Univ. of West GA
130850001
18
GA Forestry
130890002
19
South DeKalb
130890003
20
NA
130892001
21
NA
130893001
22
Tucker
130950007
23
NA
130970004
24
W. Strickland St.
131110091
25
NA
131130001
26
Georgia DOT
131150003
27
NA
131150005
28
NA
131210032
29
NA
131210039
30
NA
131210048
31
NA
131210055
32
Confederate Ave.
131210056
33
NA
131270006
34
Brunswick
131350002
35
Gwinnett Tech
131390003
36
NA
131510002
37
County Extension
131530001
38
NA
131850003
39
NA
132130003
40
Ft Mtn
132150001
41
NA
132150008
42
Columbus AP
132150009
43
NA
132150010
44
NA
132150011
45
NA
132151003
46
Columbus CRLAB
132230003
47
Yorkville
132319991
48
Pike
132450005
49
NA
132450091
50
Bungalow
132470001
51
Monastery
132950002
52
NA
133030001
53
NA
133190001
54
NA
